"Index","sma","pos","pos.num","pos.bars","pos.add","pos.drop","pos.add.num","pos.drop.num","action","state","SPFB.SI.Open","SPFB.SI.pos","SPFB.SI.ret","SPFB.SI.cret","cret","balance","im.balance","n","diff.n","margin","commiss","equity","perfReturn","SPFB.SI.n","SPFB.SI.diff.n","SPFB.SI.commiss","SPFB.SI.margin","SPFB.SI.perfReturn","SPFB.SI.equity","SPFB.SI.balance"
2016-02-02 21:30:00,78560,1,1,0,0,0,0,0,1,1,79890,1,0,0,0,978896,21064,4,4,0,40,-40,-40,4,4,40,0,-40,-40,999960
2016-02-03 10:15:00,78915,1,1,11,1,0,1,0,0,1,80148,1,258,258,258,958824,42128,8,4,1032,40,952,992,8,4,40,1032,992,952,1000952
2016-02-03 12:15:00,79156,1,1,19,0,1,1,1,0,1,79251,1,-897,-897,-897,972672,21064,4,-4,-7176,40,-6264,-7216,4,-4,40,-7176,-7216,-6264,993736
2016-02-03 13:45:00,79300,1,1,25,0,1,1,2,0,1,79465,1,214,214,214,984040,10532,2,-2,856,20,-5428,836,2,-2,20,856,836,-5428,994572
2016-02-03 14:15:00,79338,0,1,26,0,0,0,0,1,-1,79308,0,-157,-157,-157,994238,0,0,-2,-314,20,-5762,-334,0,-2,20,-314,-334,-5762,994238
2016-02-03 14:15:00,79338,-1,2,0,0,0,0,0,1,-1,79308,-1,0,0,0,973134,21064,4,4,0,40,-5802,-40,4,4,40,0,-40,-5802,994198
2016-02-03 14:30:00,79356,-1,2,1,0,1,0,1,0,-1,79157,-1,151,151,151,984250,10532,2,-2,604,20,-5218,584,2,-2,20,604,584,-5218,994782
2016-02-03 16:15:00,79487,0,2,7,0,0,0,0,1,1,79517,0,-360,-360,-360,994042,0,0,-2,-720,20,-5958,-740,0,-2,20,-720,-740,-5958,994042
2016-02-03 16:15:00,79487,1,3,0,0,0,0,0,1,1,79517,1,0,0,0,972938,21064,4,4,0,40,-5998,-40,4,4,40,0,-40,-5998,994002
2016-02-03 16:30:00,79505,0,3,0,0,0,0,0,1,-1,79290,0,-227,-227,-227,993054,0,0,-4,-908,40,-6946,-948,0,-4,40,-908,-948,-6946,993054
2016-02-03 16:30:00,79505,-1,4,0,0,0,0,0,1,-1,79290,-1,0,0,0,971950,21064,4,4,0,40,-6986,-40,4,4,40,0,-40,-6986,993014
2016-02-03 18:15:00,79588,0,4,6,0,0,0,0,1,1,79765,0,-475,-475,-475,991074,0,0,-4,-1900,40,-8926,-1940,0,-4,40,-1900,-1940,-8926,991074
2016-02-03 18:15:00,79588,1,5,0,0,0,0,0,1,1,79765,1,0,0,0,969970,21064,4,4,0,40,-8966,-40,4,4,40,0,-40,-8966,991034
2016-02-03 19:15:00,79626,0,5,2,0,0,0,0,1,-1,79314,0,-451,-451,-451,989190,0,0,-4,-1804,40,-10810,-1844,0,-4,40,-1804,-1844,-10810,989190
2016-02-03 19:15:00,79626,-1,6,0,0,0,0,0,1,-1,79314,-1,0,0,0,968086,21064,4,4,0,40,-10850,-40,4,4,40,0,-40,-10850,989150
2016-02-03 22:00:00,79682,-1,6,11,1,0,1,0,0,-1,78488,-1,826,826,826,950286,42128,8,4,3304,40,-7586,3264,8,4,40,3304,3264,-7586,992414
2016-02-04 10:30:00,79505,-1,6,21,1,0,2,0,0,-1,77226,-1,1262,1262,1262,918174,84256,16,8,10096,80,2430,10016,16,8,80,10096,10016,2430,1002430
2016-02-04 13:00:00,79239,-1,6,31,1,0,3,0,0,-1,77057,-1,169,169,169,836462,168512,32,16,2704,160,4974,2544,32,16,160,2704,2544,4974,1004974
2016-02-04 15:30:00,78960,-1,6,41,1,0,4,0,0,-1,77375,-1,-318,-318,-318,657454,337024,64,32,-10176,320,-5522,-10496,64,32,320,-10176,-10496,-5522,994478
2016-02-04 18:00:00,78681,-1,6,51,1,0,5,0,0,-1,76531,-1,844,844,844,373806,674048,128,64,54016,640,47854,53376,128,64,640,54016,53376,47854,1047854
2016-02-04 20:45:00,78367,-1,6,61,1,0,6,0,0,-1,77074,-1,-543,-543,-543,-371026,1348096,256,128,-69504,1280,-22930,-70784,256,128,1280,-69504,-70784,-22930,977070
2016-02-04 23:15:00,78110,-1,6,71,1,0,7,0,0,-1,77648,-1,-574,-574,-574,-1868626,2696192,512,256,-146944,2560,-172434,-149504,512,256,2560,-146944,-149504,-172434,827566
2016-02-05 10:15:00,78047,-1,6,75,0,1,7,1,0,-1,77904,-1,-256,-256,-256,-654162,1348096,256,-256,-131072,2560,-306066,-133632,256,-256,2560,-131072,-133632,-306066,693934
2016-02-05 10:30:00,78031,-1,6,76,0,1,7,2,0,-1,77893,-1,11,11,11,21422,674048,128,-128,2816,1280,-304530,1536,128,-128,1280,2816,1536,-304530,695470
2016-02-05 10:45:00,78017,0,6,76,0,0,0,0,1,1,78132,0,-239,-239,-239,663598,0,0,-128,-30592,1280,-336402,-31872,0,-128,1280,-30592,-31872,-336402,663598
2016-02-05 10:45:00,78017,1,7,0,0,0,0,0,1,1,78132,1,0,0,0,642494,21064,4,4,0,40,-336442,-40,4,4,40,0,-40,-336442,663558
2016-02-05 11:00:00,78003,0,7,0,0,0,0,0,1,-1,78013,0,-119,-119,-119,663042,0,0,-4,-476,40,-336958,-516,0,-4,40,-476,-516,-336958,663042
2016-02-05 11:00:00,78003,-1,8,0,0,0,0,0,1,-1,78013,-1,0,0,0,641938,21064,4,4,0,40,-336998,-40,4,4,40,0,-40,-336998,663002
2016-02-05 11:15:00,77990,0,8,0,0,0,0,0,1,1,78106,0,-93,-93,-93,662590,0,0,-4,-372,40,-337410,-412,0,-4,40,-372,-412,-337410,662590
2016-02-05 11:15:00,77990,1,9,0,0,0,0,0,1,1,78106,1,0,0,0,641486,21064,4,4,0,40,-337450,-40,4,4,40,0,-40,-337450,662550
2016-02-05 12:15:00,77945,0,9,3,0,0,0,0,1,-1,77778,0,-328,-328,-328,661198,0,0,-4,-1312,40,-338802,-1352,0,-4,40,-1312,-1352,-338802,661198
2016-02-05 12:15:00,77945,-1,10,0,0,0,0,0,1,-1,77778,-1,0,0,0,640094,21064,4,4,0,40,-338842,-40,4,4,40,0,-40,-338842,661158
2016-02-05 14:15:00,77812,-1,10,8,0,1,0,1,0,-1,77764,-1,14,14,14,650662,10532,2,-2,56,20,-338806,36,2,-2,20,56,36,-338806,661194
2016-02-05 14:30:00,77798,-1,10,9,0,1,0,2,0,-1,77594,-1,170,170,170,656258,5266,1,-1,340,10,-338476,330,1,-1,10,340,330,-338476,661524
2016-02-05 15:00:00,77767,-1,10,11,1,0,1,2,0,-1,77605,-1,-11,-11,-11,650971,10532,2,1,-11,10,-338497,-21,2,1,10,-11,-21,-338497,661503
2016-02-05 15:45:00,77706,-1,10,14,0,1,1,3,0,-1,77613,-1,-8,-8,-8,656211,5266,1,-1,-16,10,-338523,-26,1,-1,10,-16,-26,-338523,661477
2016-02-05 16:00:00,77683,-1,10,15,0,1,1,4,0,-1,77566,-1,47,47,47,661514,0,0,-1,47,10,-338486,37,0,-1,10,47,37,-338486,661514
2016-02-05 16:45:00,77645,1,11,0,0,0,0,0,1,1,78018,1,0,0,0,640410,21064,4,4,0,40,-338526,-40,4,4,40,0,-40,-338526,661474
2016-02-05 19:45:00,77571,1,11,11,1,0,1,0,0,1,78133,1,115,115,115,619766,42128,8,4,460,40,-338106,420,8,4,40,460,420,-338106,661894
2016-02-05 22:15:00,77627,1,11,21,1,0,2,0,0,1,78079,1,-54,-54,-54,577126,84256,16,8,-432,80,-338618,-512,16,8,80,-432,-512,-338618,661382
2016-02-08 10:15:00,77678,0,11,28,0,0,0,0,1,-1,77597,0,-482,-482,-482,653510,0,0,-16,-7712,160,-346490,-7872,0,-16,160,-7712,-7872,-346490,653510
2016-02-08 10:15:00,77678,-1,12,0,0,0,0,0,1,-1,77597,-1,0,0,0,632406,21064,4,4,0,40,-346530,-40,4,4,40,0,-40,-346530,653470
2016-02-08 10:30:00,77680,-1,12,1,0,1,0,1,0,-1,77597,-1,0,0,0,642918,10532,2,-2,0,20,-346550,-20,2,-2,20,0,-20,-346550,653450
2016-02-08 10:45:00,77685,-1,12,2,0,1,0,2,0,-1,77663,-1,-66,-66,-66,648042,5266,1,-1,-132,10,-346692,-142,1,-1,10,-132,-142,-346692,653308
2016-02-08 11:00:00,77688,0,12,2,0,0,0,0,1,1,77817,0,-154,-154,-154,653144,0,0,-1,-154,10,-346856,-164,0,-1,10,-154,-164,-346856,653144
2016-02-08 11:00:00,77688,1,13,0,0,0,0,0,1,1,77817,1,0,0,0,632040,21064,4,4,0,40,-346896,-40,4,4,40,0,-40,-346896,653104
2016-02-08 11:15:00,77690,0,13,0,0,0,0,0,1,-1,77612,0,-205,-205,-205,652244,0,0,-4,-820,40,-347756,-860,0,-4,40,-820,-860,-347756,652244
2016-02-08 11:15:00,77690,-1,14,0,0,0,0,0,1,-1,77612,-1,0,0,0,631140,21064,4,4,0,40,-347796,-40,4,4,40,0,-40,-347796,652204
2016-02-08 12:45:00,77693,0,14,5,0,0,0,0,1,1,77753,0,-141,-141,-141,651600,0,0,-4,-564,40,-348400,-604,0,-4,40,-564,-604,-348400,651600
2016-02-08 12:45:00,77693,1,15,0,0,0,0,0,1,1,77753,1,0,0,0,630496,21064,4,4,0,40,-348440,-40,4,4,40,0,-40,-348440,651560
2016-02-08 13:00:00,77694,1,15,1,0,1,0,1,0,1,77752,1,-1,-1,-1,641004,10532,2,-2,-4,20,-348464,-24,2,-2,20,-4,-24,-348464,651536
2016-02-08 13:15:00,77696,1,15,2,0,1,0,2,0,1,77729,1,-23,-23,-23,646214,5266,1,-1,-46,10,-348520,-56,1,-1,10,-46,-56,-348520,651480
2016-02-08 13:45:00,77699,0,15,3,0,0,0,0,1,-1,77687,0,-42,-42,-42,651428,0,0,-1,-42,10,-348572,-52,0,-1,10,-42,-52,-348572,651428
2016-02-08 13:45:00,77699,-1,16,0,0,0,0,0,1,-1,77687,-1,0,0,0,630324,21064,4,4,0,40,-348612,-40,4,4,40,0,-40,-348612,651388
2016-02-08 14:04:00,77703,0,16,0,0,0,0,0,1,1,77820,0,-133,-133,-133,650816,0,0,-4,-532,40,-349184,-572,0,-4,40,-532,-572,-349184,650816
2016-02-08 14:04:00,77703,1,17,0,0,0,0,0,1,1,77820,1,0,0,0,629712,21064,4,4,0,40,-349224,-40,4,4,40,0,-40,-349224,650776
2016-02-08 14:45:00,77726,1,17,3,0,1,0,1,0,1,77776,1,-44,-44,-44,640048,10532,2,-2,-176,20,-349420,-196,2,-2,20,-176,-196,-349420,650580
2016-02-08 15:00:00,77736,0,17,3,0,0,0,0,1,-1,77700,0,-76,-76,-76,650408,0,0,-2,-152,20,-349592,-172,0,-2,20,-152,-172,-349592,650408
2016-02-08 15:00:00,77736,-1,18,0,0,0,0,0,1,-1,77700,-1,0,0,0,629304,21064,4,4,0,40,-349632,-40,4,4,40,0,-40,-349632,650368
2016-02-08 15:15:00,77749,0,18,0,0,0,0,0,1,1,77769,0,-69,-69,-69,650052,0,0,-4,-276,40,-349948,-316,0,-4,40,-276,-316,-349948,650052
2016-02-08 15:15:00,77749,1,19,0,0,0,0,0,1,1,77769,1,0,0,0,628948,21064,4,4,0,40,-349988,-40,4,4,40,0,-40,-349988,650012
2016-02-08 15:30:00,77763,1,19,1,0,1,0,1,0,1,77776,1,7,7,7,639488,10532,2,-2,28,20,-349980,8,2,-2,20,28,8,-349980,650020
2016-02-08 15:45:00,77780,1,19,2,0,1,0,2,0,1,78085,1,309,309,309,645362,5266,1,-1,618,10,-349372,608,1,-1,10,618,608,-349372,650628
2016-02-08 17:30:00,77837,1,19,9,0,1,0,3,0,1,77862,1,-223,-223,-223,650395,0,0,-1,-223,10,-349605,-233,0,-1,10,-223,-233,-349605,650395
2016-02-10 14:30:00,79525,-1,20,0,0,0,0,0,1,-1,79434,-1,0,0,0,629291,21064,4,4,0,40,-349645,-40,4,4,40,0,-40,-349645,650355
2016-02-10 14:45:00,79544,-1,20,1,0,1,0,1,0,-1,79494,-1,-60,-60,-60,639563,10532,2,-2,-240,20,-349905,-260,2,-2,20,-240,-260,-349905,650095
2016-02-10 15:00:00,79559,0,20,1,0,0,0,0,1,1,79701,0,-207,-207,-207,649661,0,0,-2,-414,20,-350339,-434,0,-2,20,-414,-434,-350339,649661
2016-02-10 15:00:00,79559,1,21,0,0,0,0,0,1,1,79701,1,0,0,0,628557,21064,4,4,0,40,-350379,-40,4,4,40,0,-40,-350379,649621
2016-02-10 15:15:00,79570,1,21,1,0,1,0,1,0,1,79644,1,-57,-57,-57,638841,10532,2,-2,-228,20,-350627,-248,2,-2,20,-228,-248,-350627,649373
2016-02-10 15:30:00,79579,0,21,1,0,0,0,0,1,-1,79545,0,-99,-99,-99,649155,0,0,-2,-198,20,-350845,-218,0,-2,20,-198,-218,-350845,649155
2016-02-10 15:30:00,79579,-1,22,0,0,0,0,0,1,-1,79545,-1,0,0,0,628051,21064,4,4,0,40,-350885,-40,4,4,40,0,-40,-350885,649115
2016-02-10 15:45:00,79583,-1,22,1,0,1,0,1,0,-1,79472,-1,73,73,73,638855,10532,2,-2,292,20,-350613,272,2,-2,20,292,272,-350613,649387
2016-02-10 16:00:00,79587,-1,22,2,0,1,0,2,0,-1,79358,-1,114,114,114,644339,5266,1,-1,228,10,-350395,218,1,-1,10,228,218,-350395,649605
2016-02-10 16:45:00,79598,0,22,4,0,0,0,0,1,1,79737,0,-379,-379,-379,649216,0,0,-1,-379,10,-350784,-389,0,-1,10,-379,-389,-350784,649216
2016-02-10 16:45:00,79598,1,23,0,0,0,0,0,1,1,79737,1,0,0,0,628112,21064,4,4,0,40,-350824,-40,4,4,40,0,-40,-350824,649176
2016-02-10 17:00:00,79604,0,23,0,0,0,0,0,1,-1,79594,0,-143,-143,-143,648564,0,0,-4,-572,40,-351436,-612,0,-4,40,-572,-612,-351436,648564
2016-02-10 17:00:00,79604,-1,24,0,0,0,0,0,1,-1,79594,-1,0,0,0,627460,21064,4,4,0,40,-351476,-40,4,4,40,0,-40,-351476,648524
2016-02-10 17:15:00,79609,0,24,0,0,0,0,0,1,1,79715,0,-121,-121,-121,648000,0,0,-4,-484,40,-352000,-524,0,-4,40,-484,-524,-352000,648000
2016-02-10 17:15:00,79609,1,25,0,0,0,0,0,1,1,79715,1,0,0,0,626896,21064,4,4,0,40,-352040,-40,4,4,40,0,-40,-352040,647960
2016-02-10 18:00:00,79616,0,25,2,0,0,0,0,1,-1,79469,0,-246,-246,-246,646936,0,0,-4,-984,40,-353064,-1024,0,-4,40,-984,-1024,-353064,646936
2016-02-10 18:00:00,79616,-1,26,0,0,0,0,0,1,-1,79469,-1,0,0,0,625832,21064,4,4,0,40,-353104,-40,4,4,40,0,-40,-353104,646896
2016-02-10 19:45:00,79594,-1,26,6,0,1,0,1,0,-1,79577,-1,-108,-108,-108,635912,10532,2,-2,-432,20,-353556,-452,2,-2,20,-432,-452,-353556,646444
2016-02-10 20:00:00,79591,-1,26,7,0,1,0,2,0,-1,79420,-1,157,157,157,641482,5266,1,-1,314,10,-353252,304,1,-1,10,314,304,-353252,646748
2016-02-10 21:00:00,79576,-1,26,11,1,0,1,2,0,-1,79069,-1,351,351,351,636557,10532,2,1,351,10,-352911,341,2,1,10,351,341,-352911,647089
2016-02-10 23:30:00,79570,-1,26,21,1,0,2,2,0,-1,79256,-1,-187,-187,-187,625631,21064,4,2,-374,20,-353305,-394,4,2,20,-374,-394,-353305,646695
2016-02-11 10:15:00,79579,0,26,23,0,0,0,0,1,1,79608,0,-352,-352,-352,645247,0,0,-4,-1408,40,-354753,-1448,0,-4,40,-1408,-1448,-354753,645247
2016-02-11 10:15:00,79579,1,27,0,0,0,0,0,1,1,79608,1,0,0,0,624143,21064,4,4,0,40,-354793,-40,4,4,40,0,-40,-354793,645207
2016-02-11 10:30:00,79584,1,27,1,0,1,0,1,0,1,79604,1,-4,-4,-4,634639,10532,2,-2,-16,20,-354829,-36,2,-2,20,-16,-36,-354829,645171
2016-02-11 10:45:00,79589,1,27,2,0,1,0,2,0,1,79767,1,163,163,163,640221,5266,1,-1,326,10,-354513,316,1,-1,10,326,316,-354513,645487
2016-02-11 13:00:00,79670,1,27,11,1,0,1,2,0,1,80092,1,325,325,325,635270,10532,2,1,325,10,-354198,315,2,1,10,325,315,-354198,645802
2016-02-11 15:30:00,79749,1,27,21,1,0,2,2,0,1,80266,1,174,174,174,625066,21064,4,2,348,20,-353870,328,4,2,20,348,328,-353870,646130
2016-02-11 18:00:00,79869,1,27,31,1,0,3,2,0,1,80189,1,-77,-77,-77,603654,42128,8,4,-308,40,-354218,-348,8,4,40,-308,-348,-354218,645782
2016-02-11 20:45:00,79916,1,27,41,1,0,4,2,0,1,80938,1,749,749,749,567438,84256,16,8,5992,80,-348306,5912,16,8,80,5992,5912,-348306,651694
2016-02-11 23:15:00,80025,1,27,51,1,0,5,2,0,1,80765,1,-173,-173,-173,480254,168512,32,16,-2768,160,-351234,-2928,32,16,160,-2768,-2928,-351234,648766
2016-02-12 10:15:00,80051,0,27,54,0,0,0,0,1,-1,79976,0,-789,-789,-789,623198,0,0,-32,-25248,320,-376802,-25568,0,-32,320,-25248,-25568,-376802,623198
2016-02-12 10:15:00,80051,-1,28,0,0,0,0,0,1,-1,79976,-1,0,0,0,602094,21064,4,4,0,40,-376842,-40,4,4,40,0,-40,-376842,623158
2016-02-12 10:30:00,80056,-1,28,1,0,1,0,1,0,-1,79987,-1,-11,-11,-11,612562,10532,2,-2,-44,20,-376906,-64,2,-2,20,-44,-64,-376906,623094
2016-02-12 10:45:00,80061,0,28,1,0,0,0,0,1,1,80265,0,-278,-278,-278,622518,0,0,-2,-556,20,-377482,-576,0,-2,20,-556,-576,-377482,622518
2016-02-12 10:45:00,80061,1,29,0,0,0,0,0,1,1,80265,1,0,0,0,601414,21064,4,4,0,40,-377522,-40,4,4,40,0,-40,-377522,622478
2016-02-12 11:15:00,80076,1,29,2,0,1,0,1,0,1,80304,1,39,39,39,612082,10532,2,-2,156,20,-377386,136,2,-2,20,156,136,-377386,622614
2016-02-12 12:00:00,80090,0,29,4,0,0,0,0,1,-1,79889,0,-415,-415,-415,621764,0,0,-2,-830,20,-378236,-850,0,-2,20,-830,-850,-378236,621764
2016-02-12 12:00:00,80090,-1,30,0,0,0,0,0,1,-1,79889,-1,0,0,0,600660,21064,4,4,0,40,-378276,-40,4,4,40,0,-40,-378276,621724
2016-02-12 12:45:00,80102,0,30,2,0,0,0,0,1,1,80109,0,-220,-220,-220,620804,0,0,-4,-880,40,-379196,-920,0,-4,40,-880,-920,-379196,620804
2016-02-12 12:45:00,80102,1,31,0,0,0,0,0,1,1,80109,1,0,0,0,599700,21064,4,4,0,40,-379236,-40,4,4,40,0,-40,-379236,620764
2016-02-12 13:00:00,80108,0,31,0,0,0,0,0,1,-1,80004,0,-105,-105,-105,620304,0,0,-4,-420,40,-379696,-460,0,-4,40,-420,-460,-379696,620304
2016-02-12 13:00:00,80108,-1,32,0,0,0,0,0,1,-1,80004,-1,0,0,0,599200,21064,4,4,0,40,-379736,-40,4,4,40,0,-40,-379736,620264
2016-02-12 13:15:00,80115,-1,32,1,0,1,0,1,0,-1,80019,-1,-15,-15,-15,609652,10532,2,-2,-60,20,-379816,-80,2,-2,20,-60,-80,-379816,620184
2016-02-12 13:45:00,80128,-1,32,3,0,1,0,2,0,-1,80071,-1,-52,-52,-52,614804,5266,1,-1,-104,10,-379930,-114,1,-1,10,-104,-114,-379930,620070
2016-02-12 14:04:00,80131,-1,32,4,0,1,0,3,0,-1,80092,-1,-21,-21,-21,620039,0,0,-1,-21,10,-379961,-31,0,-1,10,-21,-31,-379961,620039
2016-02-16 16:30:00,78089,1,33,0,0,0,0,0,1,1,78407,1,0,0,0,598935,21064,4,4,0,40,-380001,-40,4,4,40,0,-40,-380001,619999
2016-02-16 17:15:00,78061,1,33,3,0,1,0,1,0,1,78103,1,-304,-304,-304,608231,10532,2,-2,-1216,20,-381237,-1236,2,-2,20,-1216,-1236,-381237,618763
2016-02-16 19:30:00,78018,1,33,11,1,0,1,1,0,1,78415,1,312,312,312,598303,21064,4,2,624,20,-380633,604,4,2,20,624,604,-380633,619367
2016-02-16 22:00:00,77980,1,33,21,1,0,2,1,0,1,78520,1,105,105,105,577619,42128,8,4,420,40,-380253,380,8,4,40,420,380,-380253,619747
2016-02-17 10:30:00,77988,1,33,31,1,0,3,1,0,1,78575,1,55,55,55,535851,84256,16,8,440,80,-379893,360,16,8,80,440,360,-379893,620107
2016-02-17 11:15:00,77992,1,33,34,0,1,3,2,0,1,78254,1,-321,-321,-321,572763,42128,8,-8,-5136,80,-385109,-5216,8,-8,80,-5136,-5216,-385109,614891
2016-02-17 12:00:00,77999,1,33,37,0,1,3,3,0,1,78031,1,-223,-223,-223,592003,21064,4,-4,-1784,40,-386933,-1824,4,-4,40,-1784,-1824,-386933,613067
2016-02-17 12:15:00,77999,1,33,38,0,1,3,4,0,1,78106,1,75,75,75,602815,10532,2,-2,300,20,-386653,280,2,-2,20,300,280,-386653,613347
2016-02-17 12:30:00,78000,0,33,38,0,0,0,0,1,-1,77990,0,-116,-116,-116,613095,0,0,-2,-232,20,-386905,-252,0,-2,20,-232,-252,-386905,613095
2016-02-17 12:30:00,78000,-1,34,0,0,0,0,0,1,-1,77990,-1,0,0,0,591991,21064,4,4,0,40,-386945,-40,4,4,40,0,-40,-386945,613055
2016-02-17 12:45:00,78001,-1,34,1,0,1,0,1,0,-1,77878,-1,112,112,112,602951,10532,2,-2,448,20,-386517,428,2,-2,20,448,428,-386517,613483
2016-02-17 15:15:00,77966,-1,34,11,1,0,1,1,0,-1,77463,-1,415,415,415,593229,21064,4,2,830,20,-385707,810,4,2,20,830,810,-385707,614293
2016-02-17 17:45:00,77853,-1,34,21,1,0,2,1,0,-1,77106,-1,357,357,357,573553,42128,8,4,1428,40,-384319,1388,8,4,40,1428,1388,-384319,615681
2016-02-17 20:30:00,77652,-1,34,31,1,0,3,1,0,-1,75814,-1,1292,1292,1292,541681,84256,16,8,10336,80,-374063,10256,16,8,80,10336,10256,-374063,625937
2016-02-17 23:00:00,77529,-1,34,41,1,0,4,1,0,-1,75885,-1,-71,-71,-71,456129,168512,32,16,-1136,160,-375359,-1296,32,16,160,-1136,-1296,-375359,624641
2016-02-18 11:30:00,77347,-1,34,51,1,0,5,1,0,-1,75862,-1,23,23,23,288033,337024,64,32,736,320,-374943,416,64,32,320,736,416,-374943,625057
2016-02-18 14:05:00,77122,-1,34,61,1,0,6,1,0,-1,75577,-1,285,285,285,-31391,674048,128,64,18240,640,-357343,17600,128,64,640,18240,17600,-357343,642657
2016-02-18 16:30:00,76867,-1,34,71,1,0,7,1,0,-1,75963,-1,-386,-386,-386,-756127,1348096,256,128,-49408,1280,-408031,-50688,256,128,1280,-49408,-50688,-408031,591969
2016-02-18 19:15:00,76651,0,34,80,1,0,1,0,1,1,76705,0,-742,-742,-742,399457,0,0,-256,-189952,2560,-600543,-192512,0,-256,2560,-189952,-192512,-600543,399457
2016-02-18 19:15:00,76651,1,35,0,1,0,1,0,1,1,76705,1,0,0,0,378353,21064,4,4,0,40,-600583,-40,4,4,40,0,-40,-600583,399417
2016-02-18 19:30:00,76635,1,35,1,0,1,1,1,0,1,76711,1,6,6,6,388889,10532,2,-2,24,20,-600579,4,2,-2,20,24,4,-600579,399421
2016-02-18 20:15:00,76584,1,35,4,0,1,1,2,0,1,76746,1,35,35,35,394215,5266,1,-1,70,10,-600519,60,1,-1,10,70,60,-600519,399481
2016-02-18 22:00:00,76468,1,35,11,1,0,2,2,0,1,76991,1,245,245,245,389184,10532,2,1,245,10,-600284,235,2,1,10,245,235,-600284,399716
2016-02-19 10:30:00,76360,1,35,21,1,0,3,2,0,1,76903,1,-88,-88,-88,378456,21064,4,2,-176,20,-600480,-196,4,2,20,-176,-196,-600480,399520
2016-02-19 13:00:00,76290,1,35,31,1,0,4,2,0,1,76853,1,-50,-50,-50,357152,42128,8,4,-200,40,-600720,-240,8,4,40,-200,-240,-600720,399280
2016-02-19 15:30:00,76301,1,35,41,1,0,5,2,0,1,77178,1,325,325,325,317544,84256,16,8,2600,80,-598200,2520,16,8,80,2600,2520,-598200,401800
2016-02-19 18:00:00,76482,1,35,51,1,0,6,2,0,1,77877,1,699,699,699,244312,168512,32,16,11184,160,-587176,11024,32,16,160,11184,11024,-587176,412824
2016-02-19 20:45:00,76699,1,35,61,1,0,7,2,0,1,77804,1,-73,-73,-73,73144,337024,64,32,-2336,320,-589832,-2656,64,32,320,-2336,-2656,-589832,410168
2016-02-19 23:15:00,76873,1,35,71,1,0,8,2,0,1,77420,1,-384,-384,-384,-289096,674048,128,64,-24576,640,-615048,-25216,128,64,640,-24576,-25216,-615048,384952
2016-02-20 11:45:00,77062,1,35,81,1,0,9,2,0,1,77510,1,90,90,90,-952904,1348096,256,128,11520,1280,-604808,10240,256,128,1280,11520,10240,-604808,395192
2016-02-20 13:15:00,77149,0,35,86,0,0,0,0,1,-1,77081,0,-429,-429,-429,282808,0,0,-256,-109824,2560,-717192,-112384,0,-256,2560,-109824,-112384,-717192,282808
2016-02-20 13:15:00,77149,-1,36,0,0,0,0,0,1,-1,77081,-1,0,0,0,261704,21064,4,4,0,40,-717232,-40,4,4,40,0,-40,-717232,282768
2016-02-20 13:30:00,77161,-1,36,1,0,1,0,1,0,-1,77005,-1,76,76,76,272520,10532,2,-2,304,20,-716948,284,2,-2,20,304,284,-716948,283052
2016-02-20 14:05:00,77186,0,36,2,0,0,0,0,1,1,77204,0,-199,-199,-199,282634,0,0,-2,-398,20,-717366,-418,0,-2,20,-398,-418,-717366,282634
2016-02-20 14:05:00,77186,1,37,0,0,0,0,0,1,1,77204,1,0,0,0,261530,21064,4,4,0,40,-717406,-40,4,4,40,0,-40,-717406,282594
2016-02-20 14:15:00,77200,1,37,1,0,1,0,1,0,1,77200,1,-4,-4,-4,272026,10532,2,-2,-16,20,-717442,-36,2,-2,20,-16,-36,-717442,282558
2016-02-20 14:30:00,77210,0,37,1,0,0,0,0,1,-1,77153,0,-47,-47,-47,282444,0,0,-2,-94,20,-717556,-114,0,-2,20,-94,-114,-717556,282444
2016-02-20 14:30:00,77210,-1,38,0,0,0,0,0,1,-1,77153,-1,0,0,0,261340,21064,4,4,0,40,-717596,-40,4,4,40,0,-40,-717596,282404
2016-02-20 15:45:00,77266,-1,38,5,0,1,0,1,0,-1,77177,-1,-24,-24,-24,271756,10532,2,-2,-96,20,-717712,-116,2,-2,20,-96,-116,-717712,282288
2016-02-20 17:15:00,77297,-1,38,11,1,0,1,1,0,-1,77187,-1,-10,-10,-10,261184,21064,4,2,-20,20,-717752,-40,4,2,20,-20,-40,-717752,282248
2016-02-20 18:30:00,77326,0,38,15,0,0,0,0,1,1,77367,0,-180,-180,-180,281488,0,0,-4,-720,40,-718512,-760,0,-4,40,-720,-760,-718512,281488
2016-02-20 18:30:00,77326,1,39,0,0,0,0,0,1,1,77367,1,0,0,0,260384,21064,4,4,0,40,-718552,-40,4,4,40,0,-40,-718552,281448
2016-02-20 19:00:00,77330,1,39,1,0,1,0,1,0,1,77338,1,-29,-29,-29,270780,10532,2,-2,-116,20,-718688,-136,2,-2,20,-116,-136,-718688,281312
2016-02-20 19:15:00,77335,1,39,2,0,1,0,2,0,1,77430,1,92,92,92,276220,5266,1,-1,184,10,-718514,174,1,-1,10,184,174,-718514,281486
2016-02-20 19:45:00,77343,1,39,4,0,1,0,3,0,1,77349,1,-81,-81,-81,281395,0,0,-1,-81,10,-718605,-91,0,-1,10,-81,-91,-718605,281395
2016-02-20 23:45:00,77456,-1,40,0,0,0,0,0,1,-1,77442,-1,0,0,0,260291,21064,4,4,0,40,-718645,-40,4,4,40,0,-40,-718645,281355
2016-02-22 10:00:00,77454,0,40,0,0,0,0,0,1,1,77423,0,19,19,19,281391,0,0,-4,76,40,-718609,36,0,-4,40,76,36,-718609,281391
2016-02-22 10:00:00,77454,1,41,0,0,0,0,0,1,1,77423,1,0,0,0,260287,21064,4,4,0,40,-718649,-40,4,4,40,0,-40,-718649,281351
2016-02-22 10:15:00,77454,0,41,0,0,0,0,0,1,-1,76746,0,-677,-677,-677,278603,0,0,-4,-2708,40,-721397,-2748,0,-4,40,-2708,-2748,-721397,278603
2016-02-22 10:15:00,77454,-1,42,0,0,0,0,0,1,-1,76746,-1,0,0,0,257499,21064,4,4,0,40,-721437,-40,4,4,40,0,-40,-721437,278563
2016-02-22 13:00:00,77399,-1,42,11,1,0,1,0,0,-1,76479,-1,267,267,267,237463,42128,8,4,1068,40,-720409,1028,8,4,40,1068,1028,-720409,279591
2016-02-22 15:30:00,77255,-1,42,21,1,0,2,0,0,-1,76180,-1,299,299,299,197647,84256,16,8,2392,80,-718097,2312,16,8,80,2392,2312,-718097,281903
2016-02-22 18:00:00,77055,-1,42,31,1,0,3,0,0,-1,75948,-1,232,232,232,116943,168512,32,16,3712,160,-714545,3552,32,16,160,3712,3552,-714545,285455
2016-02-22 20:45:00,76858,-1,42,41,1,0,4,0,0,-1,75565,-1,383,383,383,-39633,337024,64,32,12256,320,-702609,11936,64,32,320,12256,11936,-702609,297391
2016-02-22 23:15:00,76673,-1,42,51,1,0,5,0,0,-1,75810,-1,-245,-245,-245,-392977,674048,128,64,-15680,640,-718929,-16320,128,64,640,-15680,-16320,-718929,281071
2016-02-24 10:15:00,76625,0,42,54,0,0,0,0,1,1,76753,0,-943,-943,-943,159087,0,0,-128,-120704,1280,-840913,-121984,0,-128,1280,-120704,-121984,-840913,159087
2016-02-24 10:15:00,76625,1,43,0,0,0,0,0,1,1,76753,1,0,0,0,137983,21064,4,4,0,40,-840953,-40,4,4,40,0,-40,-840953,159047
2016-02-24 10:30:00,76621,0,43,0,0,0,0,0,1,-1,76566,0,-187,-187,-187,158259,0,0,-4,-748,40,-841741,-788,0,-4,40,-748,-788,-841741,158259
2016-02-24 10:30:00,76621,-1,44,0,0,0,0,0,1,-1,76566,-1,0,0,0,137155,21064,4,4,0,40,-841781,-40,4,4,40,0,-40,-841781,158219
2016-02-24 10:45:00,76618,0,44,0,0,0,0,0,1,1,76711,0,-145,-145,-145,157599,0,0,-4,-580,40,-842401,-620,0,-4,40,-580,-620,-842401,157599
2016-02-24 10:45:00,76618,1,45,0,0,0,0,0,1,1,76711,1,0,0,0,136495,21064,4,4,0,40,-842441,-40,4,4,40,0,-40,-842441,157559
2016-02-24 13:30:00,76641,1,45,11,1,0,1,0,0,1,77495,1,784,784,784,118527,42128,8,4,3136,40,-839345,3096,8,4,40,3136,3096,-839345,160655
2016-02-24 16:00:00,76673,1,45,21,1,0,2,0,0,1,77457,1,-38,-38,-38,76015,84256,16,8,-304,80,-839729,-384,16,8,80,-304,-384,-839729,160271
2016-02-24 18:30:00,76688,1,45,31,1,0,3,0,0,1,77720,1,263,263,263,-4193,168512,32,16,4208,160,-835681,4048,32,16,160,4208,4048,-835681,164319
2016-02-24 20:15:00,76656,1,45,37,0,1,3,1,0,1,76737,1,-983,-983,-983,48447,84256,16,-16,-31456,160,-867297,-31616,16,-16,160,-31456,-31616,-867297,132703
2016-02-24 20:30:00,76646,1,45,38,0,1,3,2,0,1,76784,1,47,47,47,91247,42128,8,-8,752,80,-866625,672,8,-8,80,752,672,-866625,133375
2016-02-24 20:45:00,76638,0,45,38,0,0,0,0,1,-1,76528,0,-256,-256,-256,131247,0,0,-8,-2048,80,-868753,-2128,0,-8,80,-2048,-2128,-868753,131247
2016-02-24 20:45:00,76638,-1,46,0,0,0,0,0,1,-1,76528,-1,0,0,0,110143,21064,4,4,0,40,-868793,-40,4,4,40,0,-40,-868793,131207
2016-02-24 21:00:00,76630,0,46,0,0,0,0,0,1,1,76696,0,-168,-168,-168,130495,0,0,-4,-672,40,-869505,-712,0,-4,40,-672,-712,-869505,130495
2016-02-24 21:00:00,76630,1,47,0,0,0,0,0,1,1,76696,1,0,0,0,109391,21064,4,4,0,40,-869545,-40,4,4,40,0,-40,-869545,130455
2016-02-24 21:15:00,76621,1,47,1,0,1,0,1,0,1,76692,1,-4,-4,-4,119887,10532,2,-2,-16,20,-869581,-36,2,-2,20,-16,-36,-869581,130419
2016-02-24 21:30:00,76621,0,47,1,0,0,0,0,1,-1,76598,0,-94,-94,-94,130211,0,0,-2,-188,20,-869789,-208,0,-2,20,-188,-208,-869789,130211
2016-02-24 21:30:00,76621,-1,48,0,0,0,0,0,1,-1,76598,-1,0,0,0,109107,21064,4,4,0,40,-869829,-40,4,4,40,0,-40,-869829,130171
2016-02-24 21:45:00,76621,0,48,0,0,0,0,0,1,1,76715,0,-117,-117,-117,129663,0,0,-4,-468,40,-870337,-508,0,-4,40,-468,-508,-870337,129663
2016-02-24 21:45:00,76621,1,49,0,0,0,0,0,1,1,76715,1,0,0,0,108559,21064,4,4,0,40,-870377,-40,4,4,40,0,-40,-870377,129623
2016-02-24 22:30:00,76618,0,49,2,0,0,0,0,1,-1,76543,0,-172,-172,-172,128895,0,0,-4,-688,40,-871105,-728,0,-4,40,-688,-728,-871105,128895
2016-02-24 22:30:00,76618,-1,50,0,0,0,0,0,1,-1,76543,-1,0,0,0,107791,21064,4,4,0,40,-871145,-40,4,4,40,0,-40,-871145,128855
2016-02-25 10:15:00,76597,0,50,6,0,0,0,0,1,1,76683,0,-140,-140,-140,128255,0,0,-4,-560,40,-871745,-600,0,-4,40,-560,-600,-871745,128255
2016-02-25 10:15:00,76597,1,51,0,0,0,0,0,1,1,76683,1,0,0,0,107151,21064,4,4,0,40,-871785,-40,4,4,40,0,-40,-871785,128215
2016-02-25 11:15:00,76618,1,51,4,0,1,0,1,0,1,76793,1,110,110,110,118103,10532,2,-2,440,20,-871365,420,2,-2,20,440,420,-871365,128635
2016-02-25 11:45:00,76629,1,51,6,0,1,0,2,0,1,76628,1,-165,-165,-165,123029,5266,1,-1,-330,10,-871705,-340,1,-1,10,-330,-340,-871705,128295
2016-02-25 12:00:00,76636,1,51,7,0,1,0,3,0,1,76906,1,278,278,278,128563,0,0,-1,278,10,-871437,268,0,-1,10,278,268,-871437,128563
2016-02-25 13:45:00,76671,-1,52,0,0,0,0,0,1,-1,76581,-1,0,0,0,107459,21064,4,4,0,40,-871477,-40,4,4,40,0,-40,-871477,128523
2016-02-25 16:30:00,76716,-1,52,11,1,0,1,0,0,-1,76505,-1,76,76,76,86659,42128,8,4,304,40,-871213,264,8,4,40,304,264,-871213,128787
2016-02-25 16:45:00,76723,-1,52,12,0,1,1,1,0,-1,76666,-1,-161,-161,-161,106395,21064,4,-4,-1288,40,-872541,-1328,4,-4,40,-1288,-1328,-872541,127459
2016-02-25 19:15:00,76805,-1,52,21,1,1,2,2,0,-1,76742,-1,-76,-76,-76,116603,10532,2,-2,-304,20,-872865,-324,2,-2,20,-304,-324,-872865,127135
2016-02-25 21:45:00,76832,-1,52,31,1,0,3,2,0,-1,75971,-1,771,771,771,107593,21064,4,2,1542,20,-871343,1522,4,2,20,1542,1522,-871343,128657
2016-02-26 10:15:00,76687,-1,52,41,1,0,4,2,0,-1,75677,-1,294,294,294,87665,42128,8,4,1176,40,-870207,1136,8,4,40,1176,1136,-870207,129793
2016-02-26 12:45:00,76462,-1,52,51,1,0,5,2,0,-1,75333,-1,344,344,344,48209,84256,16,8,2752,80,-867535,2672,16,8,80,2752,2672,-867535,132465
2016-02-26 15:15:00,76240,-1,52,61,1,0,6,2,0,-1,75683,-1,-350,-350,-350,-41807,168512,32,16,-5600,160,-873295,-5760,32,16,160,-5600,-5760,-873295,126705
2016-02-26 17:45:00,76065,-1,52,71,1,0,7,2,0,-1,75225,-1,458,458,458,-195983,337024,64,32,14656,320,-858959,14336,64,32,320,14656,14336,-858959,141041
2016-02-26 18:30:00,76040,-1,52,74,0,1,7,3,0,-1,75920,-1,-695,-695,-695,-72271,168512,32,-32,-44480,320,-903759,-44800,32,-32,320,-44480,-44800,-903759,96241
2016-02-26 19:15:00,76026,-1,52,76,0,1,7,4,0,-1,75996,-1,-76,-76,-76,9393,84256,16,-16,-2432,160,-906351,-2592,16,-16,160,-2432,-2592,-906351,93649
2016-02-26 19:30:00,76021,0,52,76,0,0,0,0,1,1,76070,0,-74,-74,-74,92305,0,0,-16,-1184,160,-907695,-1344,0,-16,160,-1184,-1344,-907695,92305
2016-02-26 19:30:00,76021,1,53,0,0,0,0,0,1,1,76070,1,0,0,0,71201,21064,4,4,0,40,-907735,-40,4,4,40,0,-40,-907735,92265
2016-02-26 19:45:00,76019,1,53,1,0,1,0,1,0,1,76191,1,121,121,121,82197,10532,2,-2,484,20,-907271,464,2,-2,20,484,464,-907271,92729
2016-02-26 22:15:00,76025,0,53,11,1,0,1,1,0,1,76682,0,491,491,491,93691,0,0,-2,982,20,-906309,962,0,-2,20,982,962,-906309,93691
